0.01	3.399453393032703e-11
0.02	4.710058754977266e-8
0.03	3.0732963813661e-8
0.04	1.0699979221512355e-8
0.05	3.3625016633560573e-9
0.060000000000000005	7.416386750624792e-9
0.06999999999999999	6.5649838867844375e-9
0.08	8.238743155069641e-9
0.09	8.070694148048778e-9
0.09999999999999999	1.4719968952459295e-8
0.11	9.337134199200888e-10
0.12	1.375672701095455e-9
0.13	1.951692675439082e-9
0.14	3.3263495493469505e-9
0.15000000000000002	6.837474838471102e-9
0.16	6.3470993695604615e-9
0.17	6.162901705053352e-9
0.18000000000000002	6.866732251088196e-9
0.19	7.3887275160974095e-9
0.2	4.44975419139869e-9
0.21000000000000002	1.728314496653627e-8
0.22	1.3704136799624937e-8
0.23	1.2018140470796632e-8
0.24000000000000002	4.729141564897863e-9
0.25	6.906947227260584e-9
0.26	1.1494985519923087e-8
0.27	1.495179593848365e-8
0.28	1.7954098811665647e-8
0.29000000000000004	2.2193862158123716e-8
0.3	2.1036314285593865e-8
0.31	1.4578510444202458e-8
0.32	1.8839384806198803e-8
0.33	1.4482749732174354e-8
0.34	1.8217770527516126e-8
0.35000000000000003	7.523959132059992e-9
0.36000000000000004	3.763729433332746e-10
0.37	9.264219582061617e-9
0.38	1.4844662488621202e-8
0.39	5.194516526409857e-8
0.4	2.0474796225841002e-9
0.41000000000000003	3.1044513587117094e-10
0.42000000000000004	1.4695869035493194e-9
0.43	2.9544495886971677e-9
0.44	3.3678248913328524e-9
0.45	1.7004573638252386e-9
0.46	6.847150146414564e-10
0.47000000000000003	1.6679804478815685e-9
0.48000000000000004	1.0021890734800255e-8
0.49	1.4702045055787756e-8
0.5	2.197938557752704e-8
0.51	1.0702561686101803e-8
0.52	1.284680079706185e-8
0.53	9.001248403437356e-9
0.54	8.104608853856709e-9
0.55	1.3474822841498132e-10
0.56	6.326921073481146e-9
0.5700000000000001	7.626405061750709e-9
0.5800000000000001	6.382121230029103e-9
0.59	4.39997302246137e-9
0.6	4.532264094009049e-9
0.61	3.2189586187903417e-9
0.62	4.2623483947773576e-9
0.63	1.3067189899086169e-8
0.64	1.802403154623347e-8
0.65	1.98358763845234e-8
0.66	4.388299494497964e-8
0.67	6.010372713691117e-8
0.68	0.09277133046909948
0.6900000000000001	0.13144396354309607
0.7000000000000001	0.1575878342481796
0.7100000000000001	0.17708432555347137
0.72	0.19216861441196156
0.73	0.20399552167863558
0.74	0.21326048572772038
0.75	0.22042305059909176
0.76	0.2258061188832987
0.77	0.2296465336237444
0.78	0.23212280661334161
0.79	0.23337232086850154
0.8	0.2335016912615474
0.81	0.23259374353788206
0.8200000000000001	0.2307118032119877
0.8300000000000001	0.227902724787379
0.8400000000000001	0.2241986482638222
0.85	0.2196179469657758
0.86	0.21416482251460853
0.87	0.20782864408243884
0.88	0.200581603316227
0.89	0.19237512629537062
0.9	0.1831332314178431
0.91	0.17274211623934568
0.92	0.16103175001447964
0.93	0.14774180597651004
0.9400000000000001	0.13245277552767243
0.9500000000000001	0.1144252483722036
0.9600000000000001	0.09213352986779302
0.97	0.061171356506135886
0.98	3.82652935412379e-8
0.99	5.717869408935225e-9
1.	2.7458290931187176e-8
1.01	2.3371881115018522e-8
1.02	2.435724182346591e-8
1.03	1.9018080436504987e-8
1.04	1.7270648380887833e-8
1.05	1.7781742211173202e-8
1.06	1.862106936201527e-8
1.07	1.8934160370819696e-8
1.08	1.8522169869665495e-8
1.09	1.845424728546409e-8
1.1	1.894324531579694e-8
1.11	1.8856871747774996e-8
1.12	1.8701678718572924e-8
1.1300000000000001	1.8318428603528084e-8
1.1400000000000001	1.9712523520730358e-8
1.1500000000000001	1.7771543486947418e-8
1.1600000000000001	1.6275710978643054e-8
1.17	1.6117173733726574e-8
1.18	1.5491151915764435e-8
1.19	1.52899305506032e-8
1.2	1.962333193460911e-8
1.21	1.7477854961556188e-8
1.22	1.5890229536969495e-8
1.23	1.4491819599817916e-8
1.24	1.767508867236169e-8
1.25	1.434063817870739e-8
1.26	1.1630146029845084e-8
1.27	1.523283747362004e-8
1.28	1.5364906302218218e-8
1.29	1.6559651283549697e-8
1.3	1.5676217076980486e-8
1.31	1.4916252884890026e-8
1.32	1.3786730217987037e-8
1.33	1.2259881147484447e-8
1.34	1.0224493602353108e-8
1.35	7.06101594318207e-9
1.36	6.7571379526684076e-9
1.37	7.357266554553438e-9
1.3800000000000001	6.370296070273762e-9
1.3900000000000001	5.90720180855073e-9
1.4000000000000001	7.1368982525434095e-9
1.4100000000000001	6.257794538721098e-9
1.42	6.488787801781909e-9
1.43	4.645644410248432e-9
1.44	1.9163747283326692e-8
1.45	1.9813811277001562e-8
1.46	1.3587070798445255e-8
1.47	3.7271270960959086e-9
1.48	7.679712772404726e-9
1.49	1.3423495144162202e-9
1.5	9.982419691407755e-9
1.51	1.637553971936473e-8
1.52	2.2504558558835645e-8
1.53	2.489197981739001e-8
1.54	2.540646936119193e-8
1.55	0.020995271266885322
1.56	0.04304939363837676
1.57	0.05569725314768968
1.58	0.06475868142462136
1.59	0.07164912628942907
1.6	0.07699040760951792
1.61	0.08112243100475913
1.62	0.08425405896244609
1.6300000000000001	0.08652277593153959
1.6400000000000001	0.08802251710647573
1.6500000000000001	0.08881811103139316
1.6600000000000001	0.08895329719945752
1.6700000000000002	0.08845513930179859
1.68	0.08733621946785132
1.69	0.08559516897801189
1.7	0.08321570422058955
1.71	0.08016368761895187
1.72	0.07638151400177394
1.73	0.0717773245315365
1.74	0.06620435225048678
1.75	0.059416836234302293
1.76	0.05096110378915539
1.77	0.0398239063794718
1.78	0.02235807178314028
1.79	5.8912544516121097e-8
1.8	6.0609997587489e-8
1.81	5.480404835309823e-8
1.82	5.333504203467524e-8
1.83	6.044801367813387e-8
1.84	3.1819163061983003e-8
1.85	3.232261725011362e-8
1.86	1.8589056752277717e-8
1.87	1.4960440065060016e-8
1.8800000000000001	2.210076754123986e-8
1.8900000000000001	1.8458296747472636e-8
1.9000000000000001	1.530720422199991e-8
1.9100000000000001	1.3282936786121243e-8
1.9200000000000002	1.4524846796802542e-8
1.93	1.7941746103816353e-8
1.94	1.6349967436242542e-8
1.95	1.1892721971098804e-8
1.96	2.5584178993414936e-9
1.97	8.056673674127015e-9
1.98	9.3881464522285e-9
1.99	7.995955195137382e-9
2.	7.921298874253925e-9
2.01	6.082040306819771e-9
2.02	6.321218446553129e-9
2.03	5.283671444490617e-9
2.04	1.834319952290011e-8
2.05	1.8780186460198426e-8
2.0599999999999996	1.8250537612087065e-8
2.07	2.1193248983934333e-8
2.0799999999999996	2.0069279118205915e-8
2.09	1.9837534854247192e-8
2.0999999999999996	1.9965930126715146e-9
2.11	6.711605711585684e-13
2.1199999999999997	5.411423482395396e-11
2.13	6.000595095273393e-11
2.1399999999999997	1.7400809624640481e-10
2.15	2.4824087775480205e-8
2.1599999999999997	2.5748548529141055e-8
2.17	2.8896399286467877e-8
2.1799999999999997	2.7784387471420485e-8
2.19	2.702738620186048e-8
2.1999999999999997	2.951207934628611e-8
2.21	2.959146695653528e-8
2.2199999999999998	2.1055909460774982e-8
2.23	2.1575574786643754e-8
2.2399999999999998	2.2696095905831778e-8
2.25	1.7691499392005858e-8
2.26	1.997766256473291e-8
2.27	2.0311197755386843e-8
2.28	2.1530604124024965e-8
2.29	2.9050487717590516e-8
2.3	3.5839932331622663e-8
2.31	3.644436782525783e-8
2.32	3.646255004122008e-8
2.3299999999999996	3.109123507205793e-8
2.34	2.6393324586446756e-8
2.3499999999999996	2.050296384933196e-8
2.36	1.9213202343912684e-8
2.3699999999999997	3.93549214970938e-9
2.38	1.6320826321900102e-9
2.3899999999999997	9.366666728452325e-9
2.4	1.977524186528187e-8
2.4099999999999997	0.016324910144999125
2.42	0.025989429240309843
2.4299999999999997	0.03202284082826003
2.44	0.03630428355075545
2.4499999999999997	0.03942699894074016
2.46	0.04166907155867803
2.4699999999999998	0.04318352874523372
2.48	0.04406040933272552
2.4899999999999998	0.04435193624687803
2.5	0.04408385318570199
2.51	0.04325978360527884
2.52	0.04186092610731235
2.53	0.03984123923198849
2.54	0.037114538137198796
2.55	0.033524944525715354
2.56	0.028769523468587466
2.57	0.022131760612569763
2.5799999999999996	0.010550821070845946
2.59	2.338158981952249e-8
2.5999999999999996	2.0329809930092342e-8
2.61	2.1537760084374064e-8
2.6199999999999997	2.3644832240103344e-8
2.63	1.9885252834700756e-8
2.6399999999999997	2.1493248734282998e-8
2.65	1.8688896069365162e-8
2.6599999999999997	1.9322675681386906e-8
2.67	1.6475172934252164e-8
2.6799999999999997	1.5441128702307227e-8
2.69	1.6704546756282423e-8
2.6999999999999997	1.2203001394660249e-8
2.71	1.4084296604330111e-8
2.7199999999999998	1.687245821950862e-8
2.73	2.0248558098099928e-8
2.7399999999999998	2.2756569007540917e-8
2.75	2.6107238248889104e-8
2.76	2.436748499111833e-8
2.77	2.6328659435414574e-8
2.78	2.7922670357286725e-8
2.79	2.826560034742789e-8
2.8	2.835634099798978e-8
2.81	2.325529601116673e-8
2.82	2.1422692532488953e-8
2.8299999999999996	2.1440633548372398e-8
2.84	2.211749165772929e-8
2.8499999999999996	2.161190586209557e-8
2.86	2.3907032148205686e-8
2.8699999999999997	2.3526707902501216e-8
2.88	2.294914871886682e-8
2.8899999999999997	2.2314844659527035e-8
2.9	2.141509833722419e-8
2.9099999999999997	2.3164081806411994e-8
2.92	1.7390483810504344e-8
2.9299999999999997	1.5191147187432642e-8
2.94	1.7019956861192872e-8
2.9499999999999997	1.702299629099721e-8
2.96	1.6087233844306784e-8
2.9699999999999998	2.046386072855601e-8
2.98	2.0542833087350233e-8
2.9899999999999998	2.629435897695727e-8
3.	3.012281605659499e-8
3.01	1.3824712890709717e-8
3.02	1.1349664726423163e-8
3.03	2.4940047921649667e-8
3.04	2.044990183743854e-8
3.05	1.700540264212757e-8
3.06	1.5312108184615628e-8
3.07	1.1830826723687484e-8
3.08	1.3867375539895521e-8
3.09	1.5055659184957284e-8
3.0999999999999996	1.0866699095452779e-8
3.11	7.618632624034592e-9
3.1199999999999997	7.944576502922773e-9
3.13	8.904197987752329e-9
3.1399999999999997	8.493858464965435e-9
3.15	8.183102614771528e-9
3.1599999999999997	6.927468982196167e-9
3.17	6.2385242463335536e-9
3.1799999999999997	7.544517531375223e-9
3.19	8.009054506849347e-9
3.1999999999999997	6.050592553826057e-9
3.21	6.98993338211244e-11
3.2199999999999998	7.322717478384354e-9
3.23	1.2278504691273087e-8
3.2399999999999998	8.729634527145407e-10
3.25	4.4456795294109245e-8
3.26	0.012659517030553645
3.27	0.01750344098693836
3.28	0.020555632538309315
3.29	0.022567847963588624
3.3	0.023816705531156793
3.31	0.024430465942825802
3.32	0.024467666927593473
3.33	0.02394165036980435
3.34	0.022824502290366068
3.3499999999999996	0.021033879232391927
3.36	0.018386955495564666
3.3699999999999997	0.014436095554571156
3.38	0.007338114776888006
3.3899999999999997	2.154616173170424e-8
3.4	2.09755646571173e-8
3.4099999999999997	1.078226755452261e-8
3.42	1.8073558056732727e-8
3.4299999999999997	8.106384450758127e-9
3.44	1.18521582507754e-8
3.4499999999999997	8.788092781696977e-9
3.46	6.248731340069596e-9
3.4699999999999998	7.3520231788362674e-9
3.48	3.2930014066524662e-9
3.4899999999999998	1.171932345998847e-8
3.5	1.3402343648184836e-8
3.51	9.076862301732637e-9
3.52	6.254923732878264e-9
3.53	7.95901605965984e-9
3.54	2.2484714196779946e-9
3.55	3.0044854974434946e-9
3.56	3.0540315694886876e-9
3.57	3.250488680823464e-10
3.58	1.6137906631949805e-10
3.59	1.729298810505785e-9
3.5999999999999996	5.604140713170778e-10
3.61	1.6858893912785967e-9
3.6199999999999997	4.267428847250174e-9
3.63	3.928169165495025e-9
3.6399999999999997	4.609488154808359e-9
3.65	4.526176261209721e-9
3.6599999999999997	4.6457440124405914e-9
3.67	5.606001600469e-9
3.6799999999999997	6.813798592004743e-9
3.69	7.81557466659338e-9
3.6999999999999997	7.49435401370839e-9
3.71	8.358504077350445e-9
3.7199999999999998	9.144204262925736e-9
3.73	7.12313822920416e-9
3.7399999999999998	8.344936239929276e-9
3.75	9.343062530899993e-9
3.76	1.1310757529776259e-8
3.77	1.3809134981547761e-8
3.78	8.351043616153339e-9
3.79	9.20487034426377e-9
3.8	9.744593017874407e-9
3.81	9.843714512646756e-9
3.82	9.611972407440585e-9
3.83	1.639792945762885e-9
3.84	4.311489230037775e-9
3.8499999999999996	1.2078771272825118e-8
3.86	9.669106899712507e-9
3.8699999999999997	1.3307855067515483e-8
3.88	1.0752339508510165e-8
3.8899999999999997	9.537899081088022e-9
3.9	1.5301023333851213e-8
3.9099999999999997	1.4617922823736316e-8
3.92	1.2600328733218072e-8
3.9299999999999997	2.0513311766436875e-8
3.94	1.1407085135602851e-8
3.9499999999999997	1.3150002108473824e-8
3.96	1.1142840034917164e-8
3.9699999999999998	2.2152111424104124e-8
3.98	1.4616221864005887e-8
3.9899999999999998	2.1368544481324683e-8
4.	2.0409350020970187e-8