0.01	0.010661197115729035
0.02	0.010664226710062744
0.03	0.010669143557339403
0.04	0.010676153841043215
0.05	0.010685182320854553
0.060000000000000005	0.010696211825300797
0.06999999999999999	0.01070935093788794
0.08	0.010724641464472606
0.09	0.010742054671760232
0.09999999999999999	0.010761693000331848
0.11	0.01078362263328056
0.12	0.010807903621558895
0.13	0.010834607330910087
0.14	0.010863858371330914
0.15000000000000002	0.010895723456982198
0.16	0.010930306799556172
0.17	0.010967720313255658
0.18000000000000002	0.01100809294893347
0.19	0.011051584066089942
0.2	0.011098338689339432
0.21000000000000002	0.011148533937122063
0.22	0.011202363322390996
0.23	0.011260035481876596
0.24000000000000002	0.011321816273285906
0.25	0.011387890453432609
0.26	0.011458569533454768
0.27	0.0115341617245594
0.28	0.01161500345778041
0.29000000000000004	0.01170148729464357
0.3	0.011794016348560254
0.31	0.011893074318545083
0.32	0.011999174800975218
0.33	0.012112882593023191
0.34	0.012234827644538343
0.35000000000000003	0.012365761175517867
0.36000000000000004	0.012506460260607657
0.37	0.012657808138629018
0.38	0.012820873793385423
0.39	0.012996794956794969
0.4	0.013186880311060717
0.41000000000000003	0.013392581680460439
0.42000000000000004	0.013615616095583302
0.43	0.01385790920291724
0.44	0.014121741295978124
0.45	0.014409676470305083
0.46	0.014724719510475631
0.47000000000000003	0.015070380702124672
0.48000000000000004	0.015450793012566286
0.49	0.01587079415048881
0.5	0.01633615970935659
0.51	0.016853807695722423
0.52	0.017432046707740817
0.53	0.01808099127169939
0.54	0.018812968818649328
0.55	0.019643277816971283
0.56	0.020591003281412182
0.5700000000000001	0.021680377116789412
0.5800000000000001	0.022942210828180404
0.59	0.024416671765758097
0.6	0.026156631466164426
0.61	0.028233050931157244
0.62	0.030742971417253434
0.63	0.033821765684215604
0.64	0.03766247776461304
0.65	0.04254604301048878
0.66	0.04888763573785168
0.67	0.057299611173889625
0.68	0.06864260958634849
0.6900000000000001	0.08392700707919318
0.7000000000000001	0.10372909898335628
0.7100000000000001	0.12708059157254714
0.72	0.15128830432065135
0.73	0.17361258566533136
0.74	0.19255427015795232
0.75	0.2076824865870631
0.76	0.21908064874529767
0.77	0.22700372581003433
0.78	0.23173091718940184
0.79	0.23351268802148958
0.8	0.23255593797306148
0.81	0.22902310033002574
0.8200000000000001	0.22303613950261245
0.8300000000000001	0.21468332038807278
0.8400000000000001	0.20402853527532513
0.85	0.19112808434195053
0.86	0.17606125138309228
0.87	0.15899107938034943
0.88	0.14027561735364208
0.89	0.12063364853391176
0.9	0.10126379256067766
0.91	0.08363920547127515
0.92	0.06887114588703763
0.93	0.057229365373436675
0.9400000000000001	0.04832033212947481
0.9500000000000001	0.04153568697982396
0.9600000000000001	0.03632317537171667
0.97	0.032260318812191074
0.98	0.029043225584162724
0.99	0.02645681962749452
1.	0.024348355389678583
1.01	0.0226080447268297
1.02	0.021155770780095062
1.03	0.019932138461322926
1.04	0.018892423339886777
1.05	0.0180024622393562
1.06	0.017235802323930544
1.07	0.016571710286786598
1.08	0.015993751808981035
1.09	0.015488770702553917
1.1	0.015046139198882674
1.11	0.014657199849324912
1.12	0.01431484997447409
1.1300000000000001	0.014013232134920825
1.1400000000000001	0.013747483448416711
1.1500000000000001	0.013513553403634831
1.1600000000000001	0.013308059763189231
1.17	0.013128164179515053
1.18	0.012971498588225439
1.19	0.012836074936364475
1.2	0.012720252686358013
1.21	0.012622665035332922
1.22	0.012542220697032938
1.23	0.012478012686027884
1.24	0.01242936928079598
1.25	0.012395807429928324
1.26	0.012377016859414447
1.27	0.012372859304731074
1.28	0.012383367828309316
1.29	0.012408754634220129
1.3	0.01244939472294132
1.31	0.012505877391271597
1.32	0.012578998831237406
1.33	0.012669761739490262
1.34	0.012779453356755843
1.35	0.012909673459701856
1.36	0.013062314677048936
1.37	0.01323972972707492
1.3800000000000001	0.013444691078207074
1.3900000000000001	0.013680603805092229
1.4000000000000001	0.01395151925645885
1.4100000000000001	0.014262282885055266
1.42	0.014618731926986206
1.43	0.015027799924020521
1.44	0.015497904822066144
1.45	0.016038941019293387
1.46	0.016662704953390783
1.47	0.01738292796013964
1.48	0.018215265309099463
1.49	0.019176887114818325
1.5	0.020285473748626603
1.51	0.02155668863610828
1.52	0.023000093059517057
1.53	0.024612360195989877
1.54	0.02636859851734677
1.55	0.028212952594373425
1.56	0.030053007407062488
1.57	0.03176300315098329
1.58	0.03319798169619051
1.59	0.03421580573979746
1.6	0.03469958323254338
1.61	0.0345743068330385
1.62	0.0338166473457866
1.6300000000000001	0.03245927913143773
1.6400000000000001	0.030590690436210433
1.6500000000000001	0.02834924444869233
1.6600000000000001	0.025906878427337382
1.6700000000000002	0.023441486379848303
1.68	0.02110460203748181
1.69	0.018998114165709
1.7	0.017169351656052975
1.71	0.015622111415985282
1.72	0.014333631042111133
1.73	0.013269535188843634
1.74	0.012393379719880512
1.75	0.011671566580080561
1.76	0.01107533978737052
1.77	0.010580882664283656
1.78	0.010168944483547382
1.79	0.009824092886998856
1.8	0.009534019584372166
1.81	0.009288901017109316
1.82	0.009080840628052811
1.83	0.008903595884695512
1.84	0.008752072086876894
1.85	0.008622144715711627
1.86	0.008510454703667722
1.87	0.008414264581644473
1.8800000000000001	0.008331322604915745
1.8900000000000001	0.008259764339464112
1.9000000000000001	0.008198055748655966
1.9100000000000001	0.008144900322829093
1.9200000000000002	0.008099233761530211
1.93	0.00806014176823483
1.94	0.008026876817858103
1.95	0.007998796501790917
1.96	0.007975378487665857
1.97	0.00795614532969438
1.98	0.007940735133424082
1.99	0.007928815486858337
2.	0.007920116110429198
2.01	0.007914437965455628
2.02	0.007911595246972922
2.03	0.00791144698232181
2.04	0.007913885508624097
2.05	0.00791883508220112
2.0599999999999996	0.007926242740248599
2.07	0.007936088889107504
2.0799999999999996	0.00794837073605778
2.09	0.007963122432828748
2.0999999999999996	0.007980395893909503
2.11	0.008000272189301591
2.1199999999999997	0.008022861959092742
2.13	0.008048293669911999
2.1399999999999997	0.008076741215287259
2.15	0.008108394826391141
2.1599999999999997	0.008143491949341719
2.17	0.008182300625793018
2.1799999999999997	0.00822513605522987
2.19	0.008272349168130855
2.1999999999999997	0.008324337043708843
2.21	0.008381548773537681
2.2199999999999998	0.008444474223056747
2.23	0.008513654447125013
2.2399999999999998	0.008589667940494733
2.25	0.008673096698015179
2.26	0.008764547808788381
2.27	0.00886455168583114
2.28	0.008973542739697166
2.29	0.00909171066655548
2.3	0.009218947273034642
2.31	0.009354543329633133
2.32	0.009497004490038763
2.3299999999999996	0.009643754681514155
2.34	0.00979073618398578
2.3499999999999996	0.009932299137705713
2.36	0.010060823103955091
2.3699999999999997	0.010167360032790826
2.38	0.010241853701608392
2.3899999999999997	0.010274750010725003
2.4	0.010258358817836322
2.4099999999999997	0.010188638343021278
2.42	0.010066467683713082
2.4299999999999997	0.009897788594778856
2.44	0.009692919849781004
2.4499999999999997	0.009464623931994529
2.46	0.009226069825841163
2.4699999999999998	0.008988939699660262
2.48	0.008762306668639835
2.4899999999999998	0.008552218191297117
2.5	0.008362025223970337
2.51	0.008192880150479143
2.52	0.008044323508140244
2.53	0.007915166680714902
2.54	0.007803575326935361
2.55	0.007707584607267504
2.56	0.00762526845225904
2.57	0.00755474936544849
2.5799999999999996	0.007494413169324282
2.59	0.007442810397712482
2.5999999999999996	0.007398679124829943
2.61	0.007360944471817746
2.6199999999999997	0.007328683368579947
2.63	0.007301111994815479
2.6399999999999997	0.0072775674097780435
2.65	0.00725744427400371
2.6599999999999997	0.007240389244147993
2.67	0.00722584946027037
2.6799999999999997	0.007213579920908736
2.69	0.007203262218982598
2.6999999999999997	0.007194649692673014
2.71	0.007187533607220381
2.7199999999999998	0.007181732433808832
2.73	0.007177093650165833
2.7399999999999998	0.007173488419260576
2.75	0.007170801914682626
2.76	0.0071689444055412915
2.77	0.007167829978192389
2.78	0.007167391031364809
2.79	0.007167570153634548
2.8	0.007168315864569591
2.81	0.007169585419689581
2.82	0.007171344420331016
2.8299999999999996	0.007173566029094358
2.84	0.007176227301489133
2.8499999999999996	0.007179308244245355
2.86	0.007182797165532509
2.8699999999999997	0.007186682974258382
2.88	0.007190960591751325
2.8899999999999997	0.007195627746795968
2.9	0.007200687605501646
2.9099999999999997	0.0072061409255992775
2.92	0.007211997874434675
2.9299999999999997	0.007218269366682226
2.94	0.007224964757764948
2.9499999999999997	0.007232102786832839
2.96	0.007239703309880399
2.9699999999999998	0.007247777970741706
2.98	0.007256353713541927
2.9899999999999998	0.007265439317898054
3.	0.007275068057838827
3.01	0.00728525030225706
3.02	0.007296002578499855
3.03	0.0073073377812964
3.04	0.007319252586137373
3.05	0.007331737701570681
3.06	0.00734475574423292
3.07	0.007358257361667023
3.08	0.0073721624942995195
3.09	0.007386319436165356
3.0999999999999996	0.007400550718577745
3.11	0.007414635930850802
3.1199999999999997	0.007428242553461972
3.13	0.007440988526098535
3.1399999999999997	0.0074523928410812484
3.15	0.007461944228105463
3.1599999999999997	0.0074690653291409614
3.17	0.007473181238991447
3.1799999999999997	0.007473782891878528
3.19	0.00747045318606071
3.1999999999999997	0.0074629910343467915
3.21	0.00745140352922094
3.2199999999999998	0.007435963498831966
3.23	0.007417203559830179
3.2399999999999998	0.007395818794719303
3.25	0.007372628235373144
3.26	0.0073484873340324
3.27	0.007324166744745578
3.28	0.007300361422216822
3.29	0.007277582854642667
3.3	0.007256219375596201
3.31	0.007236518666010799
3.32	0.007218594827908667
3.33	0.007202478819303845
3.34	0.007188131423584959
3.3499999999999996	0.007175459315508392
3.36	0.0071643134752827214
3.3699999999999997	0.007154622079029865
3.38	0.0071462052688115035
3.3899999999999997	0.007138967404878405
3.4	0.007132748752846904
3.4099999999999997	0.007127447148790364
3.42	0.007122949760120387
3.4299999999999997	0.007119165537985334
3.44	0.007116009146844862
3.4499999999999997	0.0071134045902403326
3.46	0.007111286307581788
3.4699999999999998	0.00710959345054496
3.48	0.007108280078438098
3.4899999999999998	0.007107292383361732
3.5	0.007106602151605759
3.51	0.007106173321079393
3.52	0.007105970475501003
3.53	0.007105956554899928
3.54	0.00710613641863353
3.55	0.007106475834902468
3.56	0.007106963346999895
3.57	0.007107578548038479
3.58	0.007108320841149984
3.59	0.007109156965771718
3.5999999999999996	0.007110090252189991
3.61	0.007111111036367551
3.6199999999999997	0.0071122125990432244
3.63	0.007113382953136765
3.6399999999999997	0.0071146301859356526
3.65	0.007115942279408954
3.6599999999999997	0.007117315668122376
3.67	0.007118747387790336
3.6799999999999997	0.007120237610561769
3.69	0.007121779032453229
3.6999999999999997	0.007123371232626685
3.71	0.007125016515924287
3.7199999999999998	0.007126711774325556
3.73	0.007128454201613316
3.7399999999999998	0.00713023946303018
3.75	0.007132079094894786
3.76	0.0071339728532053
3.77	0.007135903432980539
3.78	0.007137880856185802
3.79	0.007139899565250546
3.8	0.007141960191922772
3.81	0.007144056587178524
3.82	0.007146182745448856
3.83	0.007148333137199633
3.84	0.007150499198966959
3.8499999999999996	0.007152675630859626
3.86	0.007154849487749193
3.8699999999999997	0.007157000764355451
3.88	0.007159105334296423
3.8899999999999997	0.007161129778223835
3.9	0.007163075464596463
3.9099999999999997	0.007164893274990827
3.92	0.007166559726834179
3.9299999999999997	0.007168013507757545
3.94	0.007169223304619707
3.9499999999999997	0.007170114701957345
3.96	0.007170722379266831
3.9699999999999998	0.007170978554131013
3.98	0.0071708977980410454
3.9899999999999998	0.007170392004938825
4.	0.007169490364213479